   1.0999999999999942E-005           1
   6.0999999999999856E-005         121
   3.7000000000000140E-005         441
   4.9999999999999697E-005         961
   7.6000000000000113E-005        1681
   1.3599999999999984E-004        2601
   1.6100000000000055E-004        3721
   1.5999999999999955E-004        5041
   3.2499999999999890E-004        6561
   2.9799999999999965E-004        8281
   3.5000000000000135E-004       10201
   4.8899999999999985E-004       12544
   5.4099999999999981E-004       14884
   6.5499999999999933E-004       17424
   8.2200000000000328E-004       20164
   9.8100000000000270E-004       23104
   1.1010000000000048E-003       26244
   1.5130000000000005E-003       29584
   1.5149999999999955E-003       33124
   1.7889999999999989E-003       36864
   2.0130000000000009E-003       40804
   2.3800000000000071E-003       44944
   2.8990000000000127E-003       49729
   3.2840000000000091E-003       54289
   3.4190000000000054E-003       59049
   3.9339999999999931E-003       64009
   4.4779999999999820E-003       69169
   4.9119999999999997E-003       74529
   5.2939999999999932E-003       80089
   6.0120000000000173E-003       85849
   6.4909999999999690E-003       91809
   7.1060000000000012E-003       97969
   7.6149999999999829E-003      104329
   8.4110000000000018E-003      111556
   9.1069999999999762E-003      118336
   1.0003000000000040E-002      125316
   1.0592000000000046E-002      132496
   1.2066000000000021E-002      139876
   1.2853000000000003E-002      147456
   1.4496999999999982E-002      155236
   1.4685999999999977E-002      163216
   1.5696000000000043E-002      171396
   1.6811999999999938E-002      179776
   1.7961000000000005E-002      188356
   1.9533999999999940E-002      198025
   2.1697999999999995E-002      207025
   2.2586999999999913E-002      216225
   2.3827000000000043E-002      225625
   2.5499999999999856E-002      235225
   2.7345999999999870E-002      245025
   2.8289000000000009E-002      255025
   3.2372999999999763E-002      265225
   3.2912999999999970E-002      275625
   3.5701999999999900E-002      286225
   3.7080000000000002E-002      297025
   3.9745999999999837E-002      309136
   4.0845000000000020E-002      320356
   4.3259000000000380E-002      331776
   4.5706000000000024E-002      343396
   4.7641999999999740E-002      355216
   4.9605000000000121E-002      367236
   5.2803999999999629E-002      379456
   5.4706999999999617E-002      391876
   5.8796999999999766E-002      404496
   6.0217000000000187E-002      417316
   6.3109999999999999E-002      430336
   6.8419000000000008E-002      444889
   6.8581000000000003E-002      458329
   7.4787000000000159E-002      471969
   7.3887000000000036E-002      485809
   7.7909000000000006E-002      499849
   6.2257000000000673E-002      514089
   6.0408999999999935E-002      528529
   8.7864999999999860E-002      543169
   9.0704999999999814E-002      558009
   9.6813000000000038E-002      573049
  0.10269999999999957           588289
  0.10545299999999980           605284
  0.10968500000000070           620944
  0.12168800000000068           636804
  0.11734699999999965           652864
  0.11886000000000063           669124
  0.12801900000000010           685584
  0.13149299999999986           702244
  0.13324699999999989           719104
  0.14108400000000021           736164
  0.14253599999999977           753424
  0.16934500000000074           770884
  0.11229299999999931           790321
  0.15820200000000106           808201
  0.16435500000000047           826281
  0.17197300000000126           844561
  0.17330500000000093           863041
  0.18016700000000085           881721
  0.18877800000000100           900601
  0.19044899999999920           919681
  0.19652299999999912           938961
  0.20522600000000146           958441
  0.20770500000000069           978121
  0.19191900000000039          1000000
