   1.9999999999998318E-006           1
   1.7000000000000088E-005         121
   6.1999999999999989E-005         441
   2.5100000000000014E-004         961
   4.8900000000000029E-004        1681
   1.4750000000000002E-003        2601
   2.1919999999999999E-003        3721
   2.2740000000000000E-003        5041
   5.0989999999999994E-003        6561
   7.0320000000000001E-003        8281
   8.1750000000000000E-003       10201
   9.6200000000000001E-003       12544
   1.6550999999999996E-002       14884
   1.4364000000000000E-002       17424
   1.9583999999999997E-002       20164
   2.4421999999999999E-002       23104
   2.8052000000000001E-002       26244
   3.3929000000000001E-002       29584
   3.7945999999999994E-002       33124
   4.7364000000000003E-002       36864
   5.6314999999999990E-002       40804
   6.1510999999999996E-002       44944
   7.2390999999999997E-002       49729
   8.1497999999999987E-002       54289
   9.1987999999999986E-002       59049
  0.10800000000000001            64009
  0.13410099999999997            69169
  0.13033800000000001            74529
  0.14553099999999999            80089
  0.16721399999999997            85849
  0.19867699999999999            91809
  0.20836100000000002            97969
  0.20835500000000001           104329
  0.23113899999999998           111556
  0.28831399999999996           118336
  0.29576700000000000           125316
  0.32263599999999998           132496
  0.33144799999999996           139876
  0.36624099999999998           147456
  0.41739000000000004           155236
  0.41920299999999999           163216
  0.43992099999999990           171396
  0.51358999999999999           179776
  0.54595799999999994           188356
  0.59028199999999997           198025
  0.59138999999999997           207025
  0.63090599999999997           216225
  0.74053199999999997           225625
  0.70403399999999994           235225
  0.75474799999999997           245025
  0.80589500000000003           255025
  0.96488400000000007           265225
  0.97337399999999996           275625
   1.0125780000000000           286225
   1.0127489999999999           297025
   1.0756559999999999           309136
   1.1831630000000000           320356
   1.2706880000000000           331776
   1.2558319999999998           343396
   1.3250040000000001           355216
   1.4992150000000000           367236
   1.6424500000000002           379456
   1.5487139999999997           391876
   1.7738960000000001           404496
   1.9031970000000000           417316
   1.9052520000000002           430336
   1.8612530000000000           444889
   2.1684310000000000           458329
   2.0747939999999998           471969
   2.1944450000000000           485809
   2.2989929999999998           499849
   2.3444310000000002           514089
   1.9295280000000001           528529
   2.7681190000000000           543169
   2.7967919999999999           558009
   2.9256899999999999           573049
   3.0106319999999998           588289
   2.9900080000000000           605284
   3.3341029999999998           620944
   3.4618490000000000           636804
   3.5271129999999999           652864
   3.7347630000000001           669124
   3.7260270000000002           685584
   4.0463620000000002           702244
   4.0180340000000001           719104
   4.2258550000000001           736164
   4.4523119999999992           753424
   4.4571250000000004           770884
   4.8923670000000001           790321
   4.9778380000000002           808201
   5.0446650000000002           826281
   5.1473980000000008           844561
   5.4581679999999997           863041
   5.7313729999999996           881721
   5.8106349999999996           900601
   5.8534050000000004           919681
   5.9859570000000009           938961
   6.6551530000000003           958441
   6.3391600000000006           978121
   7.0592780000000008          1000000
