   1.9999999999998318E-006           1
   8.0000000000001945E-006         121
   2.2000000000000318E-005         441
   6.0999999999999856E-005         961
   1.6599999999999991E-004        1681
   4.6799999999999967E-004        2601
   6.8100000000000018E-004        3721
   7.0399999999999976E-004        5041
   1.6740000000000001E-003        6561
   1.4239999999999999E-003        8281
   1.9259999999999989E-003       10201
   2.6659999999999982E-003       12544
   5.9990000000000009E-003       14884
   4.2209999999999991E-003       17424
   6.3570000000000015E-003       20164
   6.3969999999999999E-003       23104
   7.7160000000000006E-003       26244
   9.5759999999999942E-003       29584
   1.0835999999999998E-002       33124
   1.3614000000000001E-002       36864
   2.5846999999999995E-002       40804
   1.7323000000000005E-002       44944
   3.2020999999999994E-002       49729
   3.3974999999999991E-002       54289
   2.6162999999999992E-002       59049
   4.1243000000000002E-002       64009
   3.2177000000000011E-002       69169
   3.6592000000000013E-002       74529
   6.4193000000000000E-002       80089
   5.1231000000000027E-002       85849
   6.4715999999999996E-002       91809
   7.9405000000000003E-002       97969
   5.9268000000000043E-002      104329
   6.6946999999999979E-002      111556
  0.11464199999999997           118336
   8.2473999999999992E-002      125316
   9.4390000000000029E-002      132496
  0.17275199999999996           139876
  0.14134099999999994           147456
  0.15210699999999999           155236
  0.18656599999999990           163216
  0.15834000000000004           171396
  0.16913599999999995           179776
  0.18041700000000005           188356
  0.20346100000000000           198025
  0.29553200000000002           207025
  0.25200800000000001           216225
  0.34911299999999990           225625
  0.26302199999999998           235225
  0.40772600000000003           245025
  0.30892499999999989           255025
  0.44055099999999991           265225
  0.31437299999999979           275625
  0.32238000000000011           286225
  0.53370900000000021           297025
  0.58263400000000010           309136
  0.45568100000000000           320356
  0.50402200000000019           331776
  0.54115000000000002           343396
  0.55583099999999996           355216
  0.48169700000000004           367236
  0.72495399999999988           379456
  0.53167299999999962           391876
  0.47368199999999971           404496
  0.59621000000000013           417316
  0.52544799999999992           430336
  0.57133900000000004           444889
  0.67263999999999990           458329
  0.81801600000000008           471969
  0.80978099999999964           485809
   1.0805039999999999           499849
  0.96000300000000038           514089
  0.79702900000000021           528529
  0.82828299999999988           543169
   1.3011460000000001           558009
   1.1734850000000003           573049
   1.3323510000000001           588289
   1.3919969999999999           605284
   1.0229939999999997           620944
   1.1062829999999995           636804
   1.5199560000000005           652864
   1.4508139999999994           669124
   1.6237919999999999           685584
   1.2026330000000005           702244
   1.3843340000000000           719104
   1.6693860000000003           736164
   1.9220189999999997           753424
   1.6240190000000005           770884
   1.7526860000000006           790321
   1.6190680000000004           808201
   2.0275009999999991           826281
   1.8418929999999998           844561
   2.0899760000000009           863041
   2.1430309999999997           881721
   2.0252379999999990           900601
   2.5342889999999993           919681
   2.3101089999999997           938961
   2.2325349999999986           958441
   2.1620749999999997           978121
   2.3220989999999997          1000000
