   2.9999999999999645E-006           1
   1.2999999999999991E-005         121
   2.2000000000000318E-005         441
   6.2999999999999905E-005         961
   1.2699999999999994E-004        1681
   4.2700000000000030E-004        2601
   5.5099999999999984E-004        3721
   5.6999999999999998E-004        5041
   1.2439999999999999E-003        6561
   1.6890000000000000E-003        8281
   2.2780000000000001E-003       10201
   3.0850000000000001E-003       12544
   3.5300000000000002E-003       14884
   3.3919999999999996E-003       17424
   6.9040000000000004E-003       20164
   7.5360000000000002E-003       23104
   6.1659999999999996E-003       26244
   8.7679999999999998E-003       29584
   8.8890000000000011E-003       33124
   1.7180000000000001E-002       36864
   1.4070999999999997E-002       40804
   1.7024999999999998E-002       44944
   1.7756000000000001E-002       49729
   2.0806999999999999E-002       54289
   2.6970999999999995E-002       59049
   2.6419999999999999E-002       64009
   2.6814999999999999E-002       69169
   3.5207000000000002E-002       74529
   3.4880999999999995E-002       80089
   3.9079999999999997E-002       85849
   4.2115999999999994E-002       91809
   4.9647999999999998E-002       97969
   5.2482000000000001E-002      104329
   6.0946000000000000E-002      111556
   6.1461000000000002E-002      118336
   6.8118999999999999E-002      125316
   7.4687999999999991E-002      132496
   8.5236000000000006E-002      139876
  0.12757799999999997           147456
   9.9710999999999994E-002      155236
  0.10378499999999999           163216
  0.11391699999999999           171396
  0.12211599999999999           179776
  0.13124400000000000           188356
  0.13926200000000000           198025
  0.15748399999999999           207025
  0.16855599999999998           216225
  0.17735099999999998           225625
  0.18920500000000001           235225
  0.21915000000000001           245025
  0.22750199999999998           255025
  0.24178300000000003           265225
  0.24380199999999996           275625
  0.25907899999999995           286225
  0.28080099999999997           297025
  0.28912099999999996           309136
  0.32189099999999998           320356
  0.35585499999999998           331776
  0.36064000000000002           343396
  0.38054399999999999           355216
  0.39197300000000002           367236
  0.41954999999999998           379456
  0.44721299999999997           391876
  0.47012999999999999           404496
  0.49075999999999997           417316
  0.51556000000000002           430336
  0.54346799999999995           444889
  0.58744499999999999           458329
  0.59396499999999997           471969
  0.64595700000000000           485809
  0.68854599999999999           499849
  0.69325399999999993           514089
  0.58152599999999999           528529
  0.76588399999999990           543169
  0.79353799999999997           558009
  0.82981799999999994           573049
  0.85160099999999994           588289
  0.90694900000000001           605284
  0.91901699999999997           620944
  0.99674600000000002           636804
   1.0560440000000000           652864
   1.0794040000000000           669124
   1.1005559999999999           685584
   1.1394289999999998           702244
   1.1556360000000001           719104
   1.2094499999999999           736164
   1.3531290000000000           753424
   1.2942050000000000           770884
   1.3919790000000001           790321
   1.3981290000000000           808201
   1.4623560000000000           826281
   1.5007059999999999           844561
   1.5704300000000000           863041
   1.5813210000000000           881721
   1.6718910000000000           900601
   1.8153120000000000           919681
   1.7321130000000000           938961
   1.7738440000000002           958441
   1.8537420000000000           978121
   1.9131699999999998          1000000
