  0.00000000    -0.50000000    -0.50000000     0.50000000     0.50000000     0.00000000
  0.21428572    -0.54398379    -0.50000000     0.50000000     0.54398379     0.00000000
  0.42857143    -0.65853889    -0.50000000     0.50000000     0.65853889     0.00000000
  0.64285713    -0.81441101    -0.50000000     0.50000000     0.81441101     0.00000000
  0.85714287    -0.99231744    -0.50000000     0.50000000     0.99231744     0.00000000
  1.07142854    -1.18235321    -0.50000000     0.50000000     1.18235321     0.00000000
  1.28571427    -1.37951484    -0.50000000     0.50000000     1.37951484     0.00000000
  1.50000000    -1.58113883    -0.50000000     0.50000000     1.58113883     0.00000000
  1.71428573    -1.78571430    -0.50000000     0.50000000     1.78571430     0.00000000
  1.92857146    -1.99233227    -0.50000000     0.50000000     1.99233227     0.00000000
  2.14285707    -2.20041733    -0.50000000     0.50000000     2.20041733     0.00000000
  2.35714293    -2.40958975    -0.50000000     0.50000000     2.40958975     0.00000000
  2.57142854    -2.61958866    -0.50000000     0.50000000     2.61958866     0.00000000
  2.78571439    -2.83023049    -0.50000000     0.50000000     2.83023049     0.00000000
  3.00000000    -3.04138127    -0.50000000     0.50000000     3.04138127     0.00000000
