 Wave function of the system
 0.23753033   0.02675128
 0.28281728  -0.66234064 
 0.01565233  -0.20456095
-0.57680074  -0.22224693 
Density matrix:
     0.05713629   0.00000000     0.04945922  -0.16489172    -0.00175436  -0.04900815    -0.14295306  -0.03736023    
     0.04945922   0.16489172     0.51868073   0.00000000     0.13991578  -0.04748620    -0.01592604  -0.44489385   
    -0.00175436   0.04900815     0.13991578   0.04748620     0.04209018   0.00000000     0.03643477  -0.12146959   
    -0.14295306   0.03736023    -0.01592604   0.44489385     0.03643477   0.12146959     0.38209280   0.00000000 
Trace of density matrix^2:  0.99999999999999978     
 Is the density matrix Hermitian? T




